000054
000055
000056
000057
000058
000059
000060
000061
000062
000063
000064
000065
000066
000067
000068
000069
000070
000071
000072
000073
000074
000075
000237
000238
000239
000240
000244
000245
000246
000247
000248
000249
000250
000251
000252
000253
000254
000255
000256
000257
000258
000259
000260
000445
000446
000447
000448
000449
000452
000453
000454
000456
000457
000458
000459
000460
000461
000462
000463
000464
000465
000466
000467
000468
000470
000471
000472
000473
000474
000475
000476
000477
000478
000479
000480
000481
000483
000782
000783
000784
000785
000786
000787
000788
000789
000790
000791
000792
000793
000794
000795
000796
000797
000798
000799
000800
000801
000802
000803
000804
000805
000806
000807
000808
000809
000810
000811
000812
000813
000814
000815
000816
000817
000818
000819
000820
000821
000822
000823
000824
000825
000826
000827
000828
000829
000830
000831
000832
000833
000834
000835
000836
000837
000838
000839
000840
000841
000842
000843
000844
000845
000846
000847
001083
001084
001085
001086
001087
001088
001089
001090
001091
001092
001093
001094
001095
001096
001097
001098
001099
001100
001101
001102
001103
001104
001105
001106
001108
001109
001110
001111
001112
001113
001114
001115
001116
001117
001118
001119
001120
001121
001122
001123
001124
001125
001126
001127
001128
001129
001130
001131
001132
001133
001134
001135
001136
001137
001138
001139
001140
001141
001143
001144
001145
001146
001147
001148
001149
001150
001151
001153
001154
001155
001156
001157
001158
001159
001388
001389
001390
001391
001392
001393
001394
001395
001396
001397
001398
001399
001400
001401
001402
001403
001404
001405
001406
001407
001408
001409
001410
001411
001412
001413
001414
001415
001416
001417
001418
001419
001420
001421
001422
001423
001424
001425
001426
001427
001428
001429
001430
001431
001432
001433
001434
001435
001436
001437
001438
001439
001440
001441
001443
001444
001445
001446
001447
001448
001865
001866
001867
001869
001870
001871
001872
001873
001874
001875
001876
001877
001878
001879
001880
001881
001882
001883
001884
001885
001957
001958
001959
001960
001961
001962
001963
001964
001965
001966
001967
001968
001969
001970
001971
001972
001973
001974
001975
001976
001977
001978
001979
001980
001981
001982
001983
001984
001985
001986
001987
001988
001989
001990
001991
001992
001993
001994
001995
001996
001997
001998
001999
002000
002001
002002
002003
002004
002005
002006
002007
002008
002009
002010
002011
002012
002013
002014
002015
002016
002017
002018
002244
002245
002246
002247
002248
002249
002250
002251
002252
002253
002254
002255
002256
002257
002258
002259
002260
002261
002262
002263
002264
002265
002266
002267
002268
002269
002270
002271
002272
002273
002289
002290
002291
002292
002293
002294
002295
002296
002297
002298
002299
002300
002301
002302
002303
002304
002305
002306
002307
002308
002309
002310
002311
002312
002313
002314
002315
002316
002317
002318
002319
002320
002321
002322
003211
003212
003213
003214
003215
003216
003217
003218
003219
003220
003221
003222
003223
003224
003225
003226
003227
003228
003229
003230
003231
003232
003233
003234
003235
003236
003237
003238
003239
003240
003241
003242
003243
003244
003245
003246
003247
003248
003249
003250
003251
003252
003253
003254
003255
003256
003257
003258
003259
003260
003261
003279
003280
003281
003282
003283
003284
003285
003286
003492
003493
003494
003495
003496
003497
003498
003499
003500
003501
003502
003503
003504
003505
003506
003507
003508
003509
003510
003511
003512
003513
003514
003515
003516
003517
003518
003519
003520
003521
003522
003523
003524
003525
003526
003527
003528
003529
003530
003531
003532
003533
003534
003535
003536
003537
003538
003539
003540
003541
003542
003543
003544
003545
003546
003547
003548
003549
003550
003551
003552
003553
003554
003555
003556
003557
003558
003559
003560
003561
003562
003563
003564
003565
003566
003567
003568
003569
003570
003571
003572
003573
003574
003575
003576
003577
003578
003579
003580
003581
003582
003583
003584
003585
003586
003587
003588
003589
003590
003591
003592
003593
003594
003595
003596
003597
003598
003599
003600
003601
003602
003603
003604
003605
003606
003607
003608
003609
003610
003611
003612
003613
003614
003615
003616
003617
004394
004395
004396
004397
004398
004399
004400
004401
004402
004403
004404
004405
004406
004407
004408
004409
004410
004411
004412
004413
004414
004415
004416
004417
004418
004419
004420
004421
004422
004423
004424
004425
004426
004427
004428
004429
004430
004431
004432
004433
004434
004435
004436
004437
004438
004439
004440
004441
004442
004443
004444
004445
004446
004447
004448
004449
004450
004451
004452
004453
004454
004455
004456
004457
004458
004459
004460
004461
004462
004463
004464
004465
004466
004467
004468
004469
004470
004471
004472
004473
004474
004475
004476
004477
004478
004479
004480
004481
004482
004483
004484
004485
004486
004487
004488
004489
004490
004491
004492
004493
004494
004495
004496
004497
004498
004723
004724
004725
004726
004727
004728
004729
004730
004731
004732
004733
004734
004735
004754
004755
004756
004757
004758
004759
004760
004761
004762
004763
004764
004765
004766
004767
004768
004769
004770
004771
004772
004773
004774
004775
004776
004777
004778
004779
004780
004781
004782
004783
004784
004785
004786
004787
004788
004789
004790
004791
004792
004793
004794
004795
004796
004797
004798
004799
004800
004801
004802
004803
004804
004805
004806
004807
004808
004809
004810
004811
004812
004813
004814
004815
004816
004817
004818
004819
004820
004821
004822
004823
004824
004825
004826
004827
004828
004829
004830
004831
004832
004833
004834
004835
004836
004837
004838
004839
004840
004841
004842
004843
004844
004845
004846
004847
004848
004849
004850
004851
004852
004853
004854
004855
004856
004857
004858
004859
004860
004861
004862
004863
004864
004865
004866
004867
004868
004869
004870
004871
004872
004873
004874
004875
004876
004877
004878
004879
005652
005653
005654
005655
005656
005657
005658
005659
005660
005661
005662
005663
005664
005665
005666
005667
005668
005669
005670
005671
005672
005673
005674
005675
005676
005677
005678
005679
005680
005681
005682
005683
005684
005685
005686
005687
005688
005689
005690
005691
005692
005693
005694
005695
005696
005697
005698
005699
005700
005701
005702
005703
005704
005705
005706
005707
005708
005709
005710
005711
005712
005713
005714
005715
005716
005717
005718
005719
005720
005721
005722
005723
005724
005725
005726
005727
005728
005729
005730
005731
005732
005733
005734
005735
005736
005737
005738
005739
005740
005919
005920
005921
005922
005923
005924
005925
005926
005927
005928
005929
005930
005931
005932
005933
005934
005935
005936
005937
005938
005939
005940
005941
005942
005943
005944
005945
005946
005947
005948
005949
005950
005951
005952
005953
005954
005955
005956
005957
005958
005959
005960
005961
005962
005963
005964
005965
005966
005967
005968
005969
005970
005971
005972
005973
005974
005975
005976
005977
005978
005979
005980
005981
005982
005983
005984
005985
005986
005987
005988
005989
005990
005991
005992
005993
005994
005995
005996
005997
005998
005999
006000
006001
006002
006003
006004
006005
006006
006007
006008
006009
006010
006011
006012
006013
006014
006015
006016
006017
006018
006019
006020
006021
006022
006023
006024
006025
006026
006027
006028
006029
006030
006031
006032
006033
006034
006035
006036
006037
006038
006039
006040
006041
006042
006043
006044
006058
006059
006060
006061
006062
006063
006064
006065
006066
006067
006068
006069
006070
006071
006072
006073
006074
006075
006076
006077
006078
006079
006080
006081
006082
006083
006084
006085
006086
006087
006088
006089
006090
006091
006092
006093
006094
006095
006096
006097
006098
006099
006100
006101
006102
006103
006104
006105
006106
006107
006108
006109
006110
006111
006112
006113
006114
006115
006116
006117
006118
006119
006120
006121
006122
006123
006124
006125
006126
006127
006128
006129
006130
006131
006132
006133
006134
006135
006136
006137
006138
006139
006140
006141
006142
006143
006144
006145
006146
006147
006148
006149
006150
006151
006152
006153
006154
006155
006156
006157
006158
006159
006160
006248
006249
006250
006251
006252
006253
006254
006255
006256
006257
006258
006259
006260
006261
006262
006263
006264
006265
006266
006267
006268
006269
006270
006271
006272
006273
006274
006275
006276
006277
006278
006279
006280
006281
006282
006283
006284
006285
006286
006287
006288
006289
006290
006291
006292
006293
006294
006295
006296
006297
006298
006299
006300
006301
006302
006303
006519
006520
006521
006522
006523
006524
006525
006526
006527
006528
006529
006530
006531
006532
006533
006534
006535
006536
006537
006538
006539
006540
006541
006542
006543
006544
006545
006546
006547
006548
006549
006550
006551
006552
006553
006554
006555
006556
006557
006558
006559
006560
006561
006562
006563
006564
006565
006566
006567
006568
006569
006570
006571
006572
006573
006574
006575
006576
006577
006578
006579
006580
006581
006582
006583
006584
006585
006586
006587
006588
006589
006590
006591
006592
006593
006594
006595
006596
006597
006598
006600
006602
006603
006604
006605
006606
006607
006608
006609
006610
006611
006612
006613
006614
006615
006616
006617
006618
006619
006620
006621
006622
006623
006624
006625
006626
006627
006628
006629
006630
006631
006632
006633
006634
006635
006698
006699
006700
006701
006702
006703
006704
006705
006706
006707
006708
006709
006710
006711
006712
006713
006714
006715
006716
006717
006718
006719
006720
006721
006722
006723
006724
006725
006726
006727
006728
006729
006730
006731
006732
006733
006734
006735
006736
006737
006738
006739
006740
006741
006742
006743
006744
006745
006746
006747
006748
006749
006750
006751
006752
006753
006754
006755
006756
006757
006758
006759
006760
006761
006762
006763
006764
006765
006766
006767
006768
006769
006770
006771
006772
006773
006774
006775
006776
006777
006778
006779
006780
006781
006782
006783
006784
007326
007327
007328
007329
007330
007331
007332
007333
007334
007335
007336
007337
007338
007339
007340
007341
007342
007343
007344
007345
007346
007347
007348
007349
007350
007351
007352
007353
007354
007355
007356
007357
007358
007359
007360
007361
007362
007363
007364
007365
007366
007367
007368
007369
007370
007371
007372
007373
007374
007375
007376
007383
007384
007385
007386
007387
007388
007389
007390
007391
007392
007457
007458
007459
007460
007461
007462
007463
007464
007465
007466
007467
007468
007469
007470
007471
007472
007473
007474
007475
007476
007477
007478
007479
007480
007481
007482
007483
007484
007485
007486
007487
007488
007489
007490
007491
007492
007493
007494
007495
007496
007497
007498
007499
007500
007501
007502
007503
007504
007505
007506
007507
007508
007509
007510
007511
007512
007513
007514
007515
007516
007517
007518
007519
007520
007521
007522
007523
007524
007525
007526
007527
007528
007529
007530
007531
007532
007533
007534
007535
007536
007537
007538
007539
007540
007541
007542
007543
007544
007545
007546
007547
007548
007549
007550
007551
007552
007553
007554
007555
007556
007557
007558
007559
007560
007561
007562
007563
007564
007565
007566
007567
007568
007569
007570
007571
007572
007573
008477
008478
008479
008480
008481
008482
008483
008484
008485
008486
008487
008488
008489
008490
008491
008492
008493
008494
008495
008496
008497
008498
008499
008500
008501
008502
008503
008504
008505
008506
008507
008508
008509
008510
008511
008512
008513
008514
008515
008516
008517
008518
008519
008856
008857
008858
008859
008860
008861
008862
008863
008864
008865
008866
008867
008868
008869
008870
008871
008872
008873
008874
008875
008876
008877
008878
008879
008880
008881
008882
008883
008884
008885
008886
008887
008888
008889
008890
008891
008892
008893
008894
008895
008896
008897
008898
008899
008900
008901
008902
008903
008904
008905
008906
008907
008908
008909
008910
008911
008912
008913
008914
008915
008916
008917
008918
008919
008920
008921
008922
008923
008924
008925
008926
008927
008928
008929
008930
008982
008983
008984
008985
008986
008987
008988
008989
008990
008991
008992
008993
008994
008995
008996
008997
008998
008999
009000
009001
009002
009003
009004
009005
009006
009007
009008
009009
009010
009011
009012
009013
009014
009015
009016
009017
009018
009019
009020
009021
009022
009023
009024
009025
009026
009027
009028
009029
009030
009031
009032
009033
009034
009035
009036
009037
009038
009039
009040
009041
009042
009043
009044
009045
009046
009047
009048
009049
009050
009741
009742
009743
009744
009745
009746
009747
009748
009749
009750
009751
009752
009753
009754
009755
009756
009757
009758
009759
009760
009761
009762
009763
009764
009765
009766
009767
009768
009769
009770
009771
009772
009773
009774
009775
009776
009777
009778
009779
009780
009781
009782
009783
009784
009785
009786
009787
009788
009789
009790
009791
009792
009793
009794
009795
009796
009797
009798
009799
009800
009801
009802
009803
009804
009805
009806
009807
009808
009809
009810
009811
009812
009813
009814
009815
009816
009817
009818
009819
009820
009821
009822
009823
009824
009825
009826
009827
009828
009829
009830
009831
009832
009833
009834
009835
009836
009837
009838
009839
009840
009841
009842
009843
009844
009845
009846
009847
009848
009849
009850
009851
009852
009853
009854
009855
009856
009857
009858
009859
009860
009861
009862
009863
009864
009865
009866
009867
009868
009869
009870
009871
009872
009873
009874
009875
009876
009877
009878
009879
009880
009902
009903
009904
009905
009906
009907
009908
009909
009910
009911
009912
009913
009914
009915
009916
009917
009918
009919
009920
009921
009922
009923
009924
009925
009926
009927
009928
009929
009930
009931
009932
009933
009934
009935
009936
009937
009938
009939
009940
009941
009942
009943
009944
009945
009946
009947
009948
009949
009950
009951
009952
009953
009954
009955
009956
009957
009958
009959
009960
009961
010029
010030
010031
010032
010033
010034
010035
010036
010037
010038
010039
010040
010041
010042
010043
010044
010045
010046
010047
010048
010049
010050
010051
010052
010053
010054
010055
010056
010057
010058
010059
010060
010061
010062
010063
010064
010065
010066
010067
010068
010069
010070
010071
010072
010073
010074
010075
010076
010077
010078
010079
010080
010081
010082
010083
010084
010085
010086
010087
010088
010089
010090
010091
010092
010093
010094
010095
010138
010139
010140
010141
010142
010143
010144
010145
010146
010147
010148
010149
010150
010151
010152
010153
010154
010155
010156
010157
010158
010159
010160
010161
010162
010163
010164
010165
010166
010167
010168
010169
010170
010171
010172
010173
010174
010175
010176
010177
010178
010179
010180
010181
010182
010183
010184
010185
010186
010187
010188
010189
010190
010191
010192
010193
010194
010195
010196
010197
010198
010199
010200
010201
010202
010203
010204
010205
010206
010207
010208
010209
010210
010211
010212
010213
010214
010215
010216
010217
010218
010219
010220
010221
010222
010223
010224
010225
010226
010227
010228
010229
010230
010231
010232
010233
010234
010235
010236
010292
010293
010294
010295
010296
010297
010298
010299
010300
010301
010302
010303
010304
010305
010306
010307
010308
010309
010310
010311
010312
010313
010314
010315
010316
010317
010318
010319
010320
010321
010322
010323
010324
010325
010326
010327
010328
010329
010330
010331
010332
010333
010334
010335
010946
010947
010948
010949
010950
010951
010952
010955
010956
010957
010958
010959
010960
010961
010962
010963
010964
010965
010966
010967
010968
010969
010970
010971
010972
010973
010974
010975
010976
010977
010978
010979
010980
010981
010982
010983
010984
010985
010986
011065
011066
011067
011068
011069
011070
011071
011072
011073
011074
011075
011076
011077
011078
011079
011080
011081
011082
011083
011084
011085
011086
011087
011088
011089
011090
011091
011092
011093
011094
011095
011096
011097
011098
011099
011100
011101
011102
011103
011104
011105
011106
011107
011108
011109
011110
011111
011298
011299
011300
011301
011302
011303
011304
011305
011306
011307
011308
011309
011310
011311
011312
011313
011314
011315
011316
011317
011318
011319
011320
011321
011322
011323
011324
011325
011326
011327
011328
011329
011330
011331
011332
011333
011334
011335
011336
011337
011338
011339
011340
011341
011342
011343
011344
011345
011346
011347
011348
011349
011350
011351
011352
011353
011354
011355
011396
011397
011398
011399
011400
011401
011402
011403
011404
011405
011406
011407
011408
011409
011410
011411
011412
011413
011414
011415
011416
011417
011418
011419
011420
011421
011422
011423
011424
011425
011426
011427
011428
011429
011430
011431
011432
011433
012140
012141
012142
012143
012144
012145
012146
012147
012148
012149
012150
012151
012152
012167
012168
012169
012170
012171
012172
012173
012174
012175
012176
012177
012178
012179
012180
012181
012182
012183
012184
012185
012186
012187
012188
012189
012190
012191
012192
012193
012194
012195
012196
012197
012198
012199
012629
012630
012631
012632
012633
012634
012635
012636
012637
012638
012639
012640
012641
012642
012643
012644
012645
012646
012647
012648
012649
012650
012651
012652
012653
012654
012655
012656
012657
012658
012659
012660
012661
012662
012663
012664
012665
012666
012667
012668
012669
012670
012671
012672
012673
012674
012675
012676
012677
012678
012679
012680
012681
012682
012683
012684
013555
013556
013557
013558
013559
013560
013561
013562
013563
013564
013565
013566
013567
013568
013569
013570
013571
013572
013622
013623
013624
013625
013626
013627
013628
013629
013630
013631
013632
013633
013634
013635
013636
013637
013638
013639
013640
013641
013642
013643
013644
013645
013646
013647
013648
013649
013650
013651
013652
013653
013654
013655
013656
013657
013658
013659
013660
013661
013662
013663
013664
013665
013666
013667
013668
013669
013670
013671
013672
013673
013674
013675
013676
013677
013678
013679
013680
013681
013682
013683
013684
013685
013686
013687
013688
013689
013690
013692
014160
014161
014162
014163
014164
014165
014166
014167
014168
014169
014170
014171
014172
014173
014174
014175
014176
014177
014178
014179
014180
014181
014182
014183
014184
014185
014186
014187
014188
014189
014190
014191
014192
014193
014194
014195
014196
014197
014198
014199
014200
014201
014202
014203
014204
014205
014206
014207
014208
014209
014210
014211
014212
014213
014214
014215
014216
014217
014218
014219
014220
014221
014222
014223
014224
014225
014226
014227
014228
014229
014230
014231
014232
014233
014234
014235
014236
014237
014238
014239
014240
014241
014579
014580
014581
014582
014583
014584
014585
014586
014587
014588
014589
014590
014591
014592
014593
014594
014595
014596
014597
014598
014599
014600
014601
014602
014603
014604
014605
014606
014607
014608
014609
014610
014611
014612
014613
014614
014615
014616
014617
014618
014619
014620
014621
014622
014623
014624
014625
014626
014627
014628
014629
014630
014631
014632
014633
014634
014635
014636
014637
014638
014639
014640
014641
014642
014643
014644
014645
014646
014647
014648
014649
014650
014651
014652
014653
014654
014655
014656
014657
014658
014659
014660
014661
014662
014663
014664
014665
014666
014667
014668
014669
014670
014671
014672
014673
014674
014675
014676
014677
014678
014679
014680
014681
014682
014683
014684
014685
014686
014687
014688
014689
014690
014691
014692
014693
014694
014695
014696
014697
014698
014699
014700
014701
014702
014703
014704
014705
014706
014707
014708
014709
014710
014711
014712
014939
014940
014941
014942
014943
014944
014945
014946
014947
014948
014949
014950
014951
014952
014953
014954
014955
014956
014957
014958
014959
014960
014961
014962
014963
014964
014965
014966
014967
014968
014969
014970
014971
014972
014973
014974
014975
014976
014977
014978
014979
014980
014981
014982
014983
014984
014985
014986
014987
014988
014989
014990
014991
014992
014993
014994
014995
014996
014997
014998
014999
015000
015001
015002
015003
015004
015005
015006
015007
015008
015009
015010
015011
015012
015013
015014
015015
015016
015017
015018
015019
015020
015021
015022
015023
015024
015025
015026
015027
015028
015029
015030
016980
016981
016982
016983
016984
016985
016986
016987
016988
016989
016990
016991
016992
016993
016994
016995
016996
016997
016998
016999
017000
017001
017002
017003
017004
017005
017006
017007
017008
017009
017010
017011
017012
017013
017014
017015
017016
017017
017018
017019
017020
017021
017022
017023
017024
017025
017026
017027
017028
017029
017030
017031
017032
017033
017034
017035
017036
017037
017038
017039
017040
017041
017042
017043
017044
017045
017046
017047
017048
017049
017050
017051
017052
017053
017054
017055
017143
017144
017145
017146
017147
017148
017149
017150
017151
017152
017153
017154
017155
017156
017157
017158
017159
017160
017161
017162
017163
017164
017165
017166
017167
017168
017169
017170
017171
017172
017173
017174
017175
017176
017177
017196
017197
017198
017199
017200
017201
017202
017203
017204
017205
017206
017207
017208
017209
017210
017211
017212
017213
017214
017215
000870
000871
000872
000873
000874
000875
000876
000877
000878
000879
000880
000881
000882
000883
000884
000885
000886
000887
000888
000889
000890
000891
000892
000893
000894
000895
000896
000897
000898
000899
000900
000901
000902
000903
000904
000905
000906
000907
000908
000909
000910
000911
000912
000913
000914
000915
000916
000917
000918
000919
000920
000921
000922
000923
000924
000975
000976
000977
000978
000979
000980
000981
000982
000983
000984
000985
000986
000987
000988
000989
000990
000991
000992
000993
000994
000995
000996
000997
000998
000999
001000
001002
001003
001004
001005
001006
001007
001008
001009
001010
001011
001012
001013
001014
001015
001016
001017
001018
001019
001020
001021
001022
001023
001024
001025
001026
001027
001718
001719
001720
001721
001722
001723
001724
001725
001726
001727
001728
001729
001730
001731
001732
001733
001734
001735
001736
001737
001738
001739
001740
001741
001742
001743
001744
001745
001746
001747
001748
001749
001750
001751
001752
001753
001754
001755
001756
001757
001758
001759
001760
001761
001762
001763
001764
001765
001766
001767
001768
001769
001770
001771
001772
001773
001774
001775
001776
001777
001778
001779
001780
001781
001782
001783
001784
001785
001786
001787
001788
001789
001790
001791
001792
001793
001794
001795
001796
001797
001798
001799
001800
001801
001802
001803
001804
001805
001806
001807
001808
001809
001810
001811
001812
001814
001815
001818
001819
001820
001821
001822
001823
001824
001825
002879
002880
002881
002882
002883
002884
002885
002886
002887
002888
002889
002890
002891
002892
002893
002894
002895
002896
002897
002898
002899
002900
002901
002902
002903
002904
002905
002906
002907
002908
002909
002910
002911
002912
002913
002914
002915
002916
002917
003932
003933
003934
003935
003936
003937
003938
003939
003940
003941
003942
003943
003944
003945
003946
003947
003948
003949
003950
003951
003952
003953
003954
003955
003956
003957
003958
003959
003960
003961
003962
003963
003964
003965
003966
003967
003968
003969
003970
003971
003972
003973
003974
003975
003976
003977
003978
003979
003980
003981
003982
003983
003984
003985
003986
003987
003988
003989
003990
003991
003992
003993
003994
003995
003996
003997
003998
003999
004000
004001
004002
004003
004004
004072
004073
004074
004075
004076
004077
004078
004079
004080
004081
004082
004083
004084
004085
004086
004087
004088
004089
004090
004091
004092
004093
004094
004095
004096
004097
004098
004099
004100
004101
004102
004103
004104
004105
004106
004107
004108
004109
004110
004111
004112
004113
004114
004115
004116
004117
004118
004119
004120
004121
004122
004123
004124
004125
004126
004127
004128
004129
004130
004131
004132
004133
004134
004135
004136
004137
004138
004139
004140
004141
004142
004143
004144
004145
004146
007628
007629
007630
007631
007632
007633
007634
007635
007636
007637
007638
007639
007640
007641
007642
007643
007644
007645
007646
007647
007648
007649
007650
007651
007652
007653
007654
007655
007656
007657
007658
007659
007660
007661
007662
007663
007664
007665
007666
007667
007668
007669
007670
007671
007672
007673
007674
007675
007676
007677
007678
007679
007680
007681
007682
007683
007684
007685
007686
007687
007688
007689
007690
007691
007692
007693
007694
007695
007696
007697
007698
007699
007700
007701
007702
007703
007704
007705
007706
007707
007708
007709
007710
007711
007712
007713
007714
007715
007716
007717
007718
007719
007720
007721
007722
007723
007724
007725
007726
007727
007728
007729
007730
007731
007732
007733
007734
007735
007736
007737
007738
007739
007740
007741
007742
007743
007744
007745
007746
007747
007748
007749
007750
007751
007752
007753
009363
009364
009365
009366
009367
009368
009369
009370
009371
009372
009373
009374
009375
009376
009377
009378
009379
009380
009381
009382
009383
009384
009385
009386
009387
009388
009389
009390
009391
009392
009393
009394
009395
009396
009397
009398
009399
009400
009401
009402
009403
009404
009405
009406
009407
009408
010546
010547
010548
010549
010550
010551
010552
010553
010554
010555
010556
010557
010558
010559
010560
010561
010562
010563
010564
010565
010566
010567
010568
010569
010570
010571
010572
010573
010574
010575
010576
010577
010578
010579
010580
010581
010582
010583
010584
010585
010586
010587
010588
010589
010590
010591
010592
010593
010594
010595
010596
010597
010598
010599
010600
010601
010602
010603
010604
010605
010606
010607
010608
010609
010610
010611
010612
010613
010614
010615
010616
010617
010618
010619
010620
010621
010622
010623
010624
010625
010626
010627
010628
010629
010630
010631
010632
010633
010634
010635
010636
010637
010638
010639
010640
010641
010732
010733
010734
010735
010736
010737
010738
010739
010740
010741
010742
010743
010744
010745
010746
010762
010763
010764
010765
010766
010767
010768
010769
010770
010771
010772
010773
010774
010775
010776
010777
010778
010779
010780
010781
010782
010783
010784
010785
010786
010787
010788
010789
010790
010791
011175
011176
011177
011178
011179
011180
011181
011182
011183
011184
011185
011186
011187
011188
011189
011190
011191
011192
011193
011194
011195
011196
011197
011198
011199
011200
011201
011202
011203
011204
011205
011206
011207
011208
011209
011210
011211
011212
011213
011214
011215
011216
011218
011220
011221
011222
011223
011225
011226
011227
011228
011229
011230
011231
011232
011233
011234
011235
011236
011237
011238
011239
011240
011241
011242
011243
011244
011245
011246
011247
011248
011249
011250
011251
011252
011253
011254
011255
011256
011257
011523
011524
011525
011526
011527
011528
011529
011530
011531
011532
011533
011534
011535
011536
011537
011538
011539
011540
011541
011542
011543
011544
011545
011546
011547
011548
011549
011550
011551
011552
011553
011554
011555
011556
011557
011558
011559
011560
011561
011562
011563
011564
011565
011566
011567
011568
011569
011570
011571
011572
011573
011574
011575
011576
011577
011578
011579
011580
011581
011582
011583
011584
011585
011586
011587
011588
011589
011590
011591
011592
011593
011594
011595
011597
011598
011599
011600
011601
011602
011603
011604
011605
011606
011607
011608
011609
011611
011612
011613
013216
013217
013218
013219
013220
013221
013222
013223
013224
013225
013226
013227
013228
013229
013230
013231
013232
013233
013234
013235
013236
013237
013238
013239
013327
013328
013329
013330
013331
013332
013333
013334
013335
013336
013337
013338
013339
013340
013341
013342
013343
013344
013345
013346
013347
013348
013349
013350
013351
013352
013353
013354
013355
013356
013357
013358
013359
013360
013361
013362
013363
013364
013365
013366
013367
013368
013369
013370
013371
013372
013373
013374
013375
013376
013377
013378
013379
013380
013381
013382
013383
013384
013385
013386
013387
013388
013389
013390
013391
013392
013393
013394
013395
013396
013397
013398
013399
013400
013401
013402
013403
013404
013405
013406
013407
013408
013409
013410
013411
013707
013708
013709
013710
013711
013712
013713
013714
013715
013716
013717
013718
013719
013720
013721
013722
013723
013724
013725
013726
013727
013728
013729
013730
013731
013732
013733
013734
013735
013736
013737
013738
013739
013740
013741
013742
013743
013744
013745
013746
013747
013748
013749
013750
013751
013752
013753
013754
013755
013756
013757
013758
013759
013760
013761
013762
013763
013764
013765
013766
013767
013768
013769
013770
013771
013772
013773
013774
013775
015707
015708
015709
015710
015711
015712
015713
015714
015715
015716
015717
015718
015719
015720
015721
015722
015723
015724
015725
015726
015727
015728
015729
015730
015731
015732
015733
015734
015735
016139
016140
016141
016142
016143
016144
016145
016146
016147
016148
016149
016150
016151
016152
016153
016154
016155
016156
016157
016158
016159
016160
016161
016162
016163
016164
016165
016166
016167
016168
016169
016170
016171
016172
016173
016174
016175
016176
016177
016178
016179
016180
016181
016182
016183
016184
016185
016186
016187
016188
016189
016190
016191
016192
016193
016194
016195
016196
016197
016198
016199
016741
016742
016743
016744
016745
016746
016747
016748
016749
016750
016751
016752
016753
016754
016755
016756
016757
016758
016759
016760
016761
016762
016763
016764
016765
016766
016767
016768
016769
016770
016771
016772
016773
016774
016775
016776
016777
016778
016779
016780
016781
016782
016783
016784
016785
016786
016787
016788
016789
016790
016791
016792
016793
016794
016795
016796
016797
016798
016799
016800
016801
016802
016803
016804
016805
016806
016807
016808
016809
016814
016815
016816
016817
016818
016819
016820
